[]
[3,5,6,7,8,40,46,59]
[3,5,6,7,8,40,59]
[3,5,6,7,40,46,59]
[3,5,6,7,40,59]
[3,5,6,8,40,46,59]
[3,5,6,8,40,59]
[3,5,6,40,46,59]
[3,5,6,40,59]
[3,5,7,8,40,46,59]
[3,5,7,8,40,59]
[3,5,7,40,46,59]
[3,5,7,40,59]
[3,5,8,40,46,59]
[3,5,8,40,59]
[3,5,40,46,59]
[3,5,40,59]
[3,6,7,8,10,40,46,59]
[3,6,7,8,10,40,59]
[3,6,7,8,40,46,59]
[3,6,7,8,40,59]
[3,6,7,40,46,59]
[3,6,7,40,59]
[3,6,8,40,46,59]
[3,6,8,40,59]
[3,6,40,46,59]
[3,6,40,59]
[3,7,8,40,46,59]
[3,7,8,40,59]
[3,7,40,46,59]
[3,7,40,59]
[3,8,40,46,59]
[3,8,40,59]
[3,40,46,59]
[3,40,59]
[5]
[5,6]
[5,6,7]
[5,6,7,8]
[5,6,7,8,10]
[5,6,7,8,10,39]
[5,6,7,8,10,39,46]
[5,6,7,8,10,39,46,58]
[5,6,7,8,10,39,58]
[5,6,7,8,10,40,46,59]
[5,6,7,8,10,40,59]
[5,6,7,8,10,46]
[5,6,7,8,10,46,58]
[5,6,7,8,10,46,58,59]
[5,6,7,8,10,46,59]
[5,6,7,8,10,58]
[5,6,7,8,10,58,59]
[5,6,7,8,10,59]
[5,6,7,8,39]
[5,6,7,8,39,46]
[5,6,7,8,39,46,58]
[5,6,7,8,39,58]
[5,6,7,8,40,46,59]
[5,6,7,8,40,59]
[5,6,7,8,46]
[5,6,7,8,46,58]
[5,6,7,8,46,58,59]
[5,6,7,8,46,59]
[5,6,7,8,58]
[5,6,7,8,58,59]
[5,6,7,8,59]
[5,6,7,10]
[5,6,7,10,39]
[5,6,7,10,39,46]
[5,6,7,10,39,46,58]
[5,6,7,10,39,58]
[5,6,7,10,40,46,59]
[5,6,7,10,40,59]
[5,6,7,10,46]
[5,6,7,10,46,58]
[5,6,7,10,46,58,59]
[5,6,7,10,46,59]
[5,6,7,10,58]
[5,6,7,10,58,59]
[5,6,7,10,59]
[5,6,7,39]
[5,6,7,39,46]
[5,6,7,39,46,58]
[5,6,7,39,58]
[5,6,7,40,46,59]
[5,6,7,40,59]
[5,6,7,46]
[5,6,7,46,58]
[5,6,7,46,58,59]
[5,6,7,46,59]
[5,6,7,58]
[5,6,7,58,59]
[5,6,7,59]
[5,6,8]
[5,6,8,10]
[5,6,8,10,39]
[5,6,8,10,39,46]
[5,6,8,10,39,46,58]
[5,6,8,10,39,58]
[5,6,8,10,40,46,59]
[5,6,8,10,40,59]
[5,6,8,10,46]
[5,6,8,10,46,58]
[5,6,8,10,46,58,59]
[5,6,8,10,46,59]
[5,6,8,10,58]
[5,6,8,10,58,59]
[5,6,8,10,59]
[5,6,8,39]
[5,6,8,39,46]
[5,6,8,39,46,58]
[5,6,8,39,58]
[5,6,8,40,46,59]
[5,6,8,40,59]
[5,6,8,46]
[5,6,8,46,58]
[5,6,8,46,58,59]
[5,6,8,46,59]
[5,6,8,58]
[5,6,8,58,59]
[5,6,8,59]
[5,6,10]
[5,6,10,39]
[5,6,10,39,46]
[5,6,10,39,46,58]
[5,6,10,39,58]
[5,6,10,40,46,59]
[5,6,10,40,59]
[5,6,10,46]
[5,6,10,46,58]
[5,6,10,46,58,59]
[5,6,10,46,59]
[5,6,10,58]
[5,6,10,58,59]
[5,6,10,59]
[5,6,39]
[5,6,39,46]
[5,6,39,46,58]
[5,6,39,58]
[5,6,40,46,59]
[5,6,40,59]
[5,6,46]
[5,6,46,58]
[5,6,46,58,59]
[5,6,46,59]
[5,6,58]
[5,6,58,59]
[5,6,59]
[5,7]
[5,7,8]
[5,7,8,10,39,46]
[5,7,8,10,39,46,58]
[5,7,8,10,40,46,59]
[5,7,8,10,46]
[5,7,8,10,46,58]
[5,7,8,10,46,58,59]
[5,7,8,10,46,59]
[5,7,8,39]
[5,7,8,39,46]
[5,7,8,39,46,58]
[5,7,8,39,58]
[5,7,8,40,46,59]
[5,7,8,40,59]
[5,7,8,46]
[5,7,8,46,58]
[5,7,8,46,58,59]
[5,7,8,46,59]
[5,7,8,58]
[5,7,8,58,59]
[5,7,8,59]
[5,7,10,39,46]
[5,7,10,39,46,58]
[5,7,10,40,46,59]
[5,7,10,46]
[5,7,10,46,58]
[5,7,10,46,58,59]
[5,7,10,46,59]
[5,7,39]
[5,7,39,46]
[5,7,39,46,58]
[5,7,39,58]
[5,7,40,46,59]
[5,7,40,59]
[5,7,46]
[5,7,46,58]
[5,7,46,58,59]
[5,7,46,59]
[5,7,58]
[5,7,58,59]
[5,7,59]
[5,8]
[5,8,10,39,46]
[5,8,10,39,46,58]
[5,8,10,40,46,59]
[5,8,10,46]
[5,8,10,46,58]
[5,8,10,46,58,59]
[5,8,10,46,59]
[5,8,39]
[5,8,39,46]
[5,8,39,46,58]
[5,8,39,58]
[5,8,40,46,59]
[5,8,40,59]
[5,8,46]
[5,8,46,58]
[5,8,46,58,59]
[5,8,46,59]
[5,8,58]
[5,8,58,59]
[5,8,59]
[5,10,39,46]
[5,10,39,46,58]
[5,10,40,46,59]
[5,10,46]
[5,10,46,58]
[5,10,46,58,59]
[5,10,46,59]
[5,39]
[5,39,46]
[5,39,46,58]
[5,39,58]
[5,40,46,59]
[5,40,59]
[5,46]
[5,46,58]
[5,46,58,59]
[5,46,59]
[5,58]
[5,58,59]
[5,59]
[6]
[6,7]
[6,7,8]
[6,7,8,10]
[6,7,8,10,39]
[6,7,8,10,39,46]
[6,7,8,10,39,46,58]
[6,7,8,10,39,58]
[6,7,8,10,40,46,59]
[6,7,8,10,40,59]
[6,7,8,10,46]
[6,7,8,10,46,58]
[6,7,8,10,46,58,59]
[6,7,8,10,46,59]
[6,7,8,10,58]
[6,7,8,10,58,59]
[6,7,8,10,59]
[6,7,8,39]
[6,7,8,39,46]
[6,7,8,39,46,58]
[6,7,8,39,58]
[6,7,8,40,46,59]
[6,7,8,40,59]
[6,7,8,46]
[6,7,8,46,58]
[6,7,8,46,58,59]
[6,7,8,46,59]
[6,7,8,58]
[6,7,8,58,59]
[6,7,8,59]
[6,7,10]
[6,7,10,39]
[6,7,10,39,46]
[6,7,10,39,46,58]
[6,7,10,39,58]
[6,7,10,40,46,59]
[6,7,10,40,59]
[6,7,10,46]
[6,7,10,46,58]
[6,7,10,46,58,59]
[6,7,10,46,59]
[6,7,10,58]
[6,7,10,58,59]
[6,7,10,59]
[6,7,39]
[6,7,39,46]
[6,7,39,46,58]
[6,7,39,58]
[6,7,40,46,59]
[6,7,40,59]
[6,7,46]
[6,7,46,58]
[6,7,46,58,59]
[6,7,46,59]
[6,7,58]
[6,7,58,59]
[6,7,59]
[6,8]
[6,8,10]
[6,8,10,39]
[6,8,10,39,46]
[6,8,10,39,46,58]
[6,8,10,39,58]
[6,8,10,40,46,59]
[6,8,10,40,59]
[6,8,10,46]
[6,8,10,46,58]
[6,8,10,46,58,59]
[6,8,10,46,59]
[6,8,10,58]
[6,8,10,58,59]
[6,8,10,59]
[6,8,39]
[6,8,39,46]
[6,8,39,46,58]
[6,8,39,58]
[6,8,40,46,59]
[6,8,40,59]
[6,8,46]
[6,8,46,58]
[6,8,46,58,59]
[6,8,46,59]
[6,8,58]
[6,8,58,59]
[6,8,59]
[6,10]
[6,10,39]
[6,10,39,46]
[6,10,39,46,58]
[6,10,39,58]
[6,10,40,46,59]
[6,10,40,59]
[6,10,46]
[6,10,46,58]
[6,10,46,58,59]
[6,10,46,59]
[6,10,58]
[6,10,58,59]
[6,10,59]
[6,39]
[6,39,46]
[6,39,46,58]
[6,39,58]
[6,40,46,59]
[6,40,59]
[6,46]
[6,46,58]
[6,46,58,59]
[6,46,59]
[6,58]
[6,58,59]
[6,59]
[7]
[7,8]
[7,8,10,39,46]
[7,8,10,39,46,58]
[7,8,10,40,46,59]
[7,8,10,46]
[7,8,10,46,58]
[7,8,10,46,58,59]
[7,8,10,46,59]
[7,8,39]
[7,8,39,46]
[7,8,39,46,58]
[7,8,39,58]
[7,8,40,46,59]
[7,8,40,59]
[7,8,46]
[7,8,46,58]
[7,8,46,58,59]
[7,8,46,59]
[7,8,58]
[7,8,58,59]
[7,8,59]
[7,10,39,46]
[7,10,39,46,58]
[7,10,40,46,59]
[7,10,46]
[7,10,46,58]
[7,10,46,58,59]
[7,10,46,59]
[7,39]
[7,39,46]
[7,39,46,58]
[7,39,58]
[7,40,46,59]
[7,40,59]
[7,46]
[7,46,58]
[7,46,58,59]
[7,46,59]
[7,58]
[7,58,59]
[7,59]
[8]
[8,10,39,46]
[8,10,39,46,58]
[8,10,40,46,59]
[8,10,46]
[8,10,46,58]
[8,10,46,58,59]
[8,10,46,59]
[8,39]
[8,39,46]
[8,39,46,58]
[8,39,58]
[8,40,46,59]
[8,40,59]
[8,46]
[8,46,58]
[8,46,58,59]
[8,46,59]
[8,58]
[8,58,59]
[8,59]
[10,39,46]
[10,39,46,58]
[10,40,46,59]
[10,46]
[10,46,58]
[10,46,58,59]
[10,46,59]
[39]
[39,46]
[39,46,58]
[39,58]
[40,46,59]
[40,59]
[46]
[46,58]
[46,58,59]
[46,59]
[58]
[58,59]
[59]
