[]
[5,6,7,8,10,62,63,64,65]
[5,6,7,8,10,63,64,65]
[5,6,7,8,10,64,65]
[5,6,7,8,62,63,64,65]
[5,6,7,8,62,63,65]
[5,6,7,8,63,64,65]
[5,6,7,8,63,65]
[5,6,7,8,64,65]
[5,6,7,8,65]
[5,6,7,10,62,63,64,65]
[5,6,7,10,63,64,65]
[5,6,7,10,64,65]
[5,6,7,62,63,64,65]
[5,6,7,62,63,65]
[5,6,7,63,64,65]
[5,6,7,63,65]
[5,6,7,64,65]
[5,6,7,65]
[5,6,8,10,62,63,64,65]
[5,6,8,10,62,64,65]
[5,6,8,10,63,64,65]
[5,6,8,10,64,65]
[5,6,8,62,63,64,65]
[5,6,8,62,63,65]
[5,6,8,62,64,65]
[5,6,8,62,65]
[5,6,8,63,64,65]
[5,6,8,63,65]
[5,6,8,64,65]
[5,6,8,65]
[5,6,10,62,63,64,65]
[5,6,10,62,64,65]
[5,6,10,63,64,65]
[5,6,10,64,65]
[5,6,62,63,64,65]
[5,6,62,63,65]
[5,6,62,64,65]
[5,6,62,65]
[5,6,63,64,65]
[5,6,63,65]
[5,6,64,65]
[5,6,65]
[5,7,8,10,62,63,64,65]
[5,7,8,10,62,64,65]
[5,7,8,10,63,64,65]
[5,7,8,10,64,65]
[5,7,8,62,63,64,65]
[5,7,8,62,63,65]
[5,7,8,62,64,65]
[5,7,8,62,65]
[5,7,8,63,64,65]
[5,7,8,63,65]
[5,7,8,64,65]
[5,7,8,65]
[5,8,10,62,63,64,65]
[5,8,10,62,64,65]
[5,8,10,63,64,65]
[5,8,10,64,65]
[5,8,62,63,64,65]
[5,8,62,63,65]
[5,8,62,64,65]
[5,8,62,65]
[5,8,63,64,65]
[5,8,63,65]
[5,8,64,65]
[5,8,65]
[5,10,62,63,64,65]
[5,10,62,64,65]
[5,10,63,64,65]
[5,10,64,65]
[5,62,63,64,65]
[5,62,63,65]
[5,62,64,65]
[5,62,65]
[5,63,64,65]
[5,63,65]
[5,64,65]
[5,65]
[6]
[6,7]
[6,7,8]
[6,7,8,10,62,63,64]
[6,7,8,10,62,63,64,65]
[6,7,8,10,63,64]
[6,7,8,10,63,64,65]
[6,7,8,10,64]
[6,7,8,10,64,65]
[6,7,8,62,63]
[6,7,8,62,63,64]
[6,7,8,62,63,64,65]
[6,7,8,62,63,65]
[6,7,8,63]
[6,7,8,63,64]
[6,7,8,63,64,65]
[6,7,8,63,65]
[6,7,8,64]
[6,7,8,64,65]
[6,7,8,65]
[6,7,10,62,63,64]
[6,7,10,62,63,64,65]
[6,7,10,63,64]
[6,7,10,63,64,65]
[6,7,10,64]
[6,7,10,64,65]
[6,7,62,63]
[6,7,62,63,64]
[6,7,62,63,64,65]
[6,7,62,63,65]
[6,7,63]
[6,7,63,64]
[6,7,63,64,65]
[6,7,63,65]
[6,7,64]
[6,7,64,65]
[6,7,65]
[6,8]
[6,8,10,62,63,64]
[6,8,10,62,63,64,65]
[6,8,10,62,64]
[6,8,10,62,64,65]
[6,8,10,63,64]
[6,8,10,63,64,65]
[6,8,10,64]
[6,8,10,64,65]
[6,8,62]
[6,8,62,63]
[6,8,62,63,64]
[6,8,62,63,64,65]
[6,8,62,63,65]
[6,8,62,64]
[6,8,62,64,65]
[6,8,62,65]
[6,8,63]
[6,8,63,64]
[6,8,63,64,65]
[6,8,63,65]
[6,8,64]
[6,8,64,65]
[6,8,65]
[6,10,62,63,64]
[6,10,62,63,64,65]
[6,10,62,64]
[6,10,62,64,65]
[6,10,63,64]
[6,10,63,64,65]
[6,10,64]
[6,10,64,65]
[6,62]
[6,62,63]
[6,62,63,64]
[6,62,63,64,65]
[6,62,63,65]
[6,62,64]
[6,62,64,65]
[6,62,65]
[6,63]
[6,63,64]
[6,63,64,65]
[6,63,65]
[6,64]
[6,64,65]
[6,65]
[7,8]
[7,8,10,62,63,64]
[7,8,10,62,63,64,65]
[7,8,10,62,64]
[7,8,10,62,64,65]
[7,8,10,63,64]
[7,8,10,63,64,65]
[7,8,10,64]
[7,8,10,64,65]
[7,8,62]
[7,8,62,63]
[7,8,62,63,64]
[7,8,62,63,64,65]
[7,8,62,63,65]
[7,8,62,64]
[7,8,62,64,65]
[7,8,62,65]
[7,8,63]
[7,8,63,64]
[7,8,63,64,65]
[7,8,63,65]
[7,8,64]
[7,8,64,65]
[7,8,65]
[8]
[8,10,62,63,64]
[8,10,62,63,64,65]
[8,10,62,64]
[8,10,62,64,65]
[8,10,63,64]
[8,10,63,64,65]
[8,10,64]
[8,10,64,65]
[8,62]
[8,62,63]
[8,62,63,64]
[8,62,63,64,65]
[8,62,63,65]
[8,62,64]
[8,62,64,65]
[8,62,65]
[8,63]
[8,63,64]
[8,63,64,65]
[8,63,65]
[8,64]
[8,64,65]
[8,65]
[10,62,63,64]
[10,62,63,64,65]
[10,62,64]
[10,62,64,65]
[10,63,64]
[10,63,64,65]
[10,64]
[10,64,65]
[62]
[62,63]
[62,63,64]
[62,63,64,65]
[62,63,65]
[62,64]
[62,64,65]
[62,65]
[63]
[63,64]
[63,64,65]
[63,65]
[64]
[64,65]
[65]
