[]
[5,10,50,52]
[5,10,50,52,53]
[5,10,50,52,53,54]
[5,10,50,52,53,54,55,56]
[5,10,50,52,53,55,56]
[5,10,50,52,55,56]
[5,10,52,53,54]
[5,10,52,53,54,55,56]
[5,10,53,54]
[5,10,53,54,55,56]
[5,50,52]
[5,50,52,53]
[5,50,52,53,54]
[5,52,53,54]
[5,53,54]
[10]
[10,50,52]
[10,50,52,53]
[10,50,52,53,54]
[10,50,52,53,54,55,56]
[10,50,52,53,55,56]
[10,50,52,55,56]
[10,52]
[10,52,53]
[10,52,53,54]
[10,52,53,54,55,56]
[10,52,53,55,56]
[10,52,55,56]
[10,53]
[10,53,54]
[10,53,54,55,56]
[10,53,55,56]
[10,55,56]
[50,52]
[50,52,53]
[50,52,53,54]
[52]
[52,53]
[52,53,54]
[53]
[53,54]
