[]
[5]
[5,7,8,10,60]
[5,7,8,10,60,63]
[5,7,8,10,60,63,64]
[5,7,8,10,60,63,64,65]
[5,7,8,10,60,63,65]
[5,7,8,10,60,64]
[5,7,8,10,60,64,65]
[5,7,8,10,60,65]
[5,7,8,60]
[5,7,8,60,63]
[5,7,8,60,63,64]
[5,7,8,60,63,64,65]
[5,7,8,60,63,65]
[5,7,8,60,64]
[5,7,8,60,64,65]
[5,7,8,60,65]
[5,7,10,60]
[5,7,10,60,63]
[5,7,10,60,63,64]
[5,7,10,60,63,64,65]
[5,7,10,60,63,65]
[5,7,10,60,64]
[5,7,10,60,64,65]
[5,7,10,60,65]
[5,7,60]
[5,7,60,63]
[5,7,60,63,64]
[5,7,60,63,64,65]
[5,7,60,63,65]
[5,7,60,64]
[5,7,60,64,65]
[5,7,60,65]
[5,8]
[5,8,10]
[5,8,10,60]
[5,8,10,60,63]
[5,8,10,60,63,64]
[5,8,10,60,63,64,65]
[5,8,10,60,63,65]
[5,8,10,60,64]
[5,8,10,60,64,65]
[5,8,10,60,65]
[5,8,10,63]
[5,8,10,63,64]
[5,8,10,63,64,65]
[5,8,10,63,65]
[5,8,10,64]
[5,8,10,64,65]
[5,8,10,65]
[5,8,60]
[5,8,60,63]
[5,8,60,63,64]
[5,8,60,63,64,65]
[5,8,60,63,65]
[5,8,60,64]
[5,8,60,64,65]
[5,8,60,65]
[5,8,63]
[5,8,63,64]
[5,8,63,64,65]
[5,8,63,65]
[5,8,64]
[5,8,64,65]
[5,8,65]
[5,10]
[5,10,60]
[5,10,60,63]
[5,10,60,63,64]
[5,10,60,63,64,65]
[5,10,60,63,65]
[5,10,60,64]
[5,10,60,64,65]
[5,10,60,65]
[5,10,63]
[5,10,63,64]
[5,10,63,64,65]
[5,10,63,65]
[5,10,64]
[5,10,64,65]
[5,10,65]
[5,60]
[5,60,63]
[5,60,63,64]
[5,60,63,64,65]
[5,60,63,65]
[5,60,64]
[5,60,64,65]
[5,60,65]
[5,63]
[5,63,64]
[5,63,64,65]
[5,63,65]
[5,64]
[5,64,65]
[5,65]
[7,8,10,60]
[7,8,10,60,63]
[7,8,10,60,63,64]
[7,8,10,60,63,64,65]
[7,8,10,60,63,65]
[7,8,10,60,64]
[7,8,10,60,64,65]
[7,8,10,60,65]
[7,8,60]
[7,8,60,63]
[7,8,60,63,64]
[7,8,60,63,64,65]
[7,8,60,63,65]
[7,8,60,64]
[7,8,60,64,65]
[7,8,60,65]
[7,10,38,60,63,64]
[7,10,38,60,63,64,65]
[7,10,38,60,63,65]
[7,10,60]
[7,10,60,63]
[7,10,60,63,64]
[7,10,60,63,64,65]
[7,10,60,63,65]
[7,10,60,64]
[7,10,60,64,65]
[7,10,60,65]
[7,60]
[7,60,63]
[7,60,63,64]
[7,60,63,64,65]
[7,60,63,65]
[7,60,64]
[7,60,64,65]
[7,60,65]
[8]
[8,10]
[8,10,60]
[8,10,60,63]
[8,10,60,63,64]
[8,10,60,63,64,65]
[8,10,60,63,65]
[8,10,60,64]
[8,10,60,64,65]
[8,10,60,65]
[8,10,63]
[8,10,63,64]
[8,10,63,64,65]
[8,10,63,65]
[8,10,64]
[8,10,64,65]
[8,10,65]
[8,60]
[8,60,63]
[8,60,63,64]
[8,60,63,64,65]
[8,60,63,65]
[8,60,64]
[8,60,64,65]
[8,60,65]
[8,63]
[8,63,64]
[8,63,64,65]
[8,63,65]
[8,64]
[8,64,65]
[8,65]
[10]
[10,60]
[10,60,63]
[10,60,63,64]
[10,60,63,64,65]
[10,60,63,65]
[10,60,64]
[10,60,64,65]
[10,60,65]
[10,63]
[10,63,64]
[10,63,64,65]
[10,63,65]
[10,64]
[10,64,65]
[10,65]
[60]
[60,63]
[60,63,64]
[60,63,64,65]
[60,63,65]
[60,64]
[60,64,65]
[60,65]
[63]
[63,64]
[63,64,65]
[63,65]
[64]
[64,65]
[65]
