[]
[5,8,10,60,62,63,64,65]
[5,8,10,60,63,64,65]
[5,8,10,60,64,65]
[5,8,10,63,64,65]
[5,8,10,64,65]
[5,8,60,62,63,64,65]
[5,8,60,62,63,65]
[5,8,60,63,64,65]
[5,8,60,63,65]
[5,8,60,64,65]
[5,8,60,65]
[5,8,63,64,65]
[5,8,63,65]
[5,8,64,65]
[5,8,65]
[5,10,60,62,63,64,65]
[5,10,60,63,64,65]
[5,10,60,64,65]
[5,10,62,63,64,65]
[5,10,63,64,65]
[5,10,64,65]
[5,60,62,63,64,65]
[5,60,62,63,65]
[5,60,63,64,65]
[5,60,63,65]
[5,60,64,65]
[5,60,65]
[5,62,63,64,65]
[5,62,63,65]
[5,63,64,65]
[5,63,65]
[5,64,65]
[5,65]
[8]
[8,10,60,62,63,64]
[8,10,60,62,63,64,65]
[8,10,60,63,64]
[8,10,60,63,64,65]
[8,10,60,64]
[8,10,60,64,65]
[8,10,63,64]
[8,10,63,64,65]
[8,10,64]
[8,10,64,65]
[8,60]
[8,60,62,63]
[8,60,62,63,64]
[8,60,62,63,64,65]
[8,60,62,63,65]
[8,60,63]
[8,60,63,64]
[8,60,63,64,65]
[8,60,63,65]
[8,60,64]
[8,60,64,65]
[8,60,65]
[8,63]
[8,63,64]
[8,63,64,65]
[8,63,65]
[8,64]
[8,64,65]
[8,65]
[10,60,62,63,64]
[10,60,62,63,64,65]
[10,60,63,64]
[10,60,63,64,65]
[10,60,64]
[10,60,64,65]
[10,62,63,64]
[10,62,63,64,65]
[10,63,64]
[10,63,64,65]
[10,64]
[10,64,65]
[60]
[60,62,63]
[60,62,63,64]
[60,62,63,64,65]
[60,62,63,65]
[60,63]
[60,63,64]
[60,63,64,65]
[60,63,65]
[60,64]
[60,64,65]
[60,65]
[62,63]
[62,63,64]
[62,63,64,65]
[62,63,65]
[63]
[63,64]
[63,64,65]
[63,65]
[64]
[64,65]
[65]
