[]
[1,5,6]
[1,5,6,7]
[1,5,6,7,11]
[1,5,6,7,11,63]
[1,5,6,7,11,63,65]
[1,5,6,7,63]
[1,5,6,7,63,65]
[1,5,6,7,65]
[1,5,6,11]
[1,5,6,11,63]
[1,5,6,11,63,65]
[1,5,6,11,65]
[1,5,6,63]
[1,5,6,63,65]
[1,5,6,65]
[1,6]
[1,6,7]
[1,6,7,11]
[1,6,7,11,63]
[1,6,7,11,63,65]
[1,6,7,63]
[1,6,7,63,65]
[1,6,7,65]
[1,6,11]
[1,6,11,63]
[1,6,11,63,65]
[1,6,11,65]
[1,6,63]
[1,6,63,65]
[1,6,65]
[5]
[5,6]
[5,6,7]
[5,6,7,11]
[5,6,7,11,63]
[5,6,7,11,63,65]
[5,6,7,63]
[5,6,7,63,65]
[5,6,7,65]
[5,6,11]
[5,6,11,63]
[5,6,11,63,65]
[5,6,11,65]
[5,6,63]
[5,6,63,65]
[5,6,65]
[5,7]
[5,7,11]
[5,7,11,63]
[5,7,11,63,65]
[5,7,63]
[5,7,63,65]
[5,11]
[5,11,63]
[5,11,63,65]
[5,63]
[5,63,65]
[6]
[6,7]
[6,7,11]
[6,7,11,63]
[6,7,11,63,65]
[6,7,63]
[6,7,63,65]
[6,7,65]
[6,11]
[6,11,63]
[6,11,63,65]
[6,11,65]
[6,63]
[6,63,65]
[6,65]
[7]
[7,11]
[7,11,63]
[7,63]
[7,63,65]
[11]
[11,63]
[11,63,65]
[63]
[63,65]
