[]
[3,5,6,7,18]
[3,5,6,18]
[3,5,6,18,26,27]
[3,5,6,18,27]
[3,5,7,18]
[3,5,18]
[3,5,18,25,26,27]
[3,5,18,26,27]
[3,5,18,27]
[3,6,7,18]
[3,6,18]
[3,6,18,26,27]
[3,6,18,27]
[3,7,18]
[3,18]
[3,18,26,27]
[3,18,27]
[5]
[5,6]
[5,6,7]
[5,6,7,18]
[5,6,18]
[5,6,18,26,27]
[5,6,18,27]
[5,6,26,27]
[5,6,27]
[5,7]
[5,7,18]
[5,18]
[5,18,25,26,27]
[5,18,26,27]
[5,18,27]
[5,25,26,27]
[5,26,27]
[5,27]
[6]
[6,7]
[6,7,18]
[6,18]
[6,18,26,27]
[6,18,27]
[6,26,27]
[6,27]
[7]
[7,18]
[18]
[18,25,26,27]
[18,26,27]
[18,27]
[25,26,27]
[26,27]
[27]
