[]
[2]
[2,10]
[2,10,18]
[2,10,18,41,43]
[2,10,18,42]
[2,10,18,42,43]
[2,10,18,43]
[2,10,42]
[2,10,42,43]
[2,10,43]
[2,18]
[2,18,41]
[2,18,41,42]
[2,18,41,42,43]
[2,18,41,43]
[2,18,42]
[2,18,42,43]
[2,18,43]
[2,41]
[2,41,42]
[2,41,42,43]
[2,41,43]
[2,42]
[2,42,43]
[2,43]
[4]
[4,10]
[4,10,18]
[4,10,18,41,42,43]
[4,10,18,41,43]
[4,10,18,42]
[4,10,18,42,43]
[4,10,18,43]
[4,10,42]
[4,10,42,43]
[4,10,43]
[4,18]
[4,18,41]
[4,18,41,42]
[4,18,41,42,43]
[4,18,41,43]
[4,18,42]
[4,18,42,43]
[4,18,43]
[4,41]
[4,41,42]
[4,41,42,43]
[4,41,43]
[4,42]
[4,42,43]
[4,43]
[10]
[10,18]
[10,18,41,42,43]
[10,18,41,43]
[10,18,42]
[10,18,42,43]
[10,18,43]
[10,42]
[10,42,43]
[10,43]
[18]
[18,41]
[18,41,42]
[18,41,42,43]
[18,41,43]
[18,42]
[18,42,43]
[18,43]
[41]
[41,42]
[41,42,43]
[41,43]
[42]
[42,43]
[43]
