[]
[5]
[5,6]
[5,6,7]
[5,6,7,8]
[5,6,7,8,10]
[5,6,7,8,10,46,63]
[5,6,7,8,10,46,63,64]
[5,6,7,8,10,46,63,64,65]
[5,6,7,8,10,46,63,65]
[5,6,7,8,10,63]
[5,6,7,8,10,63,64]
[5,6,7,8,10,63,64,65]
[5,6,7,8,10,63,65]
[5,6,7,8,46,63]
[5,6,7,8,46,63,64]
[5,6,7,8,46,63,64,65]
[5,6,7,8,46,63,65]
[5,6,7,8,63]
[5,6,7,8,63,64]
[5,6,7,8,63,64,65]
[5,6,7,8,63,65]
[5,6,7,10]
[5,6,7,10,46,63]
[5,6,7,10,46,63,64]
[5,6,7,10,46,63,64,65]
[5,6,7,10,46,63,65]
[5,6,7,10,63]
[5,6,7,10,63,64]
[5,6,7,10,63,64,65]
[5,6,7,10,63,65]
[5,6,7,46,63]
[5,6,7,46,63,64]
[5,6,7,46,63,64,65]
[5,6,7,46,63,65]
[5,6,7,63]
[5,6,7,63,64]
[5,6,7,63,64,65]
[5,6,7,63,65]
[5,6,8]
[5,6,8,10]
[5,6,8,10,46,63]
[5,6,8,10,46,63,64]
[5,6,8,10,46,63,64,65]
[5,6,8,10,46,63,65]
[5,6,8,10,63]
[5,6,8,10,63,64]
[5,6,8,10,63,64,65]
[5,6,8,10,63,65]
[5,6,8,10,64]
[5,6,8,10,64,65]
[5,6,8,10,65]
[5,6,8,46,63]
[5,6,8,46,63,64]
[5,6,8,46,63,64,65]
[5,6,8,46,63,65]
[5,6,8,63]
[5,6,8,63,64]
[5,6,8,63,64,65]
[5,6,8,63,65]
[5,6,8,64]
[5,6,8,64,65]
[5,6,8,65]
[5,6,10]
[5,6,10,46,63]
[5,6,10,46,63,64]
[5,6,10,46,63,64,65]
[5,6,10,46,63,65]
[5,6,10,63]
[5,6,10,63,64]
[5,6,10,63,64,65]
[5,6,10,63,65]
[5,6,10,64]
[5,6,10,64,65]
[5,6,10,65]
[5,6,46,63]
[5,6,46,63,64]
[5,6,46,63,64,65]
[5,6,46,63,65]
[5,6,63]
[5,6,63,64]
[5,6,63,64,65]
[5,6,63,65]
[5,6,64]
[5,6,64,65]
[5,6,65]
[5,8]
[5,8,10]
[5,8,10,46]
[5,8,10,46,63]
[5,8,10,46,63,64]
[5,8,10,46,63,64,65]
[5,8,10,46,63,65]
[5,8,10,46,64]
[5,8,10,46,64,65]
[5,8,10,46,65]
[5,8,10,63]
[5,8,10,63,64]
[5,8,10,63,64,65]
[5,8,10,63,65]
[5,8,10,64]
[5,8,10,64,65]
[5,8,10,65]
[5,8,46]
[5,8,46,63]
[5,8,46,63,64]
[5,8,46,63,64,65]
[5,8,46,63,65]
[5,8,46,64]
[5,8,46,64,65]
[5,8,46,65]
[5,8,63]
[5,8,63,64]
[5,8,63,64,65]
[5,8,63,65]
[5,8,64]
[5,8,64,65]
[5,8,65]
[5,10]
[5,10,46]
[5,10,46,63]
[5,10,46,63,64]
[5,10,46,63,64,65]
[5,10,46,63,65]
[5,10,46,64]
[5,10,46,64,65]
[5,10,46,65]
[5,10,63]
[5,10,63,64]
[5,10,63,64,65]
[5,10,63,65]
[5,10,64]
[5,10,64,65]
[5,10,65]
[5,46]
[5,46,63]
[5,46,63,64]
[5,46,63,64,65]
[5,46,63,65]
[5,46,64]
[5,46,64,65]
[5,46,65]
[5,63]
[5,63,64]
[5,63,64,65]
[5,63,65]
[5,64]
[5,64,65]
[5,65]
[6,7,8,10]
[6,7,8,10,46,63]
[6,7,8,10,46,63,64]
[6,7,8,10,46,63,64,65]
[6,7,8,10,46,63,65]
[6,7,8,10,63]
[6,7,8,10,63,64]
[6,7,8,10,63,64,65]
[6,7,8,10,63,65]
[6,7,10]
[6,7,10,46,63]
[6,7,10,46,63,64]
[6,7,10,46,63,64,65]
[6,7,10,46,63,65]
[6,7,10,63]
[6,7,10,63,64]
[6,7,10,63,64,65]
[6,7,10,63,65]
[6,8,10]
[6,8,10,46,63]
[6,8,10,46,63,64]
[6,8,10,46,63,64,65]
[6,8,10,46,63,65]
[6,8,10,63]
[6,8,10,63,64]
[6,8,10,63,64,65]
[6,8,10,63,65]
[6,8,10,64]
[6,8,10,64,65]
[6,8,10,65]
[6,10]
[6,10,46,63]
[6,10,46,63,64]
[6,10,46,63,64,65]
[6,10,46,63,65]
[6,10,63]
[6,10,63,64]
[6,10,63,64,65]
[6,10,63,65]
[6,10,64]
[6,10,64,65]
[6,10,65]
[8]
[8,10]
[8,10,46]
[8,10,46,63]
[8,10,46,63,64]
[8,10,46,63,64,65]
[8,10,46,63,65]
[8,10,46,64]
[8,10,46,64,65]
[8,10,46,65]
[8,10,63]
[8,10,63,64]
[8,10,63,64,65]
[8,10,63,65]
[8,10,64]
[8,10,64,65]
[8,10,65]
[8,46]
[8,46,63]
[8,46,63,64]
[8,46,63,64,65]
[8,46,63,65]
[8,46,64]
[8,46,64,65]
[8,46,65]
[8,63]
[8,63,64]
[8,63,64,65]
[8,63,65]
[8,64]
[8,64,65]
[8,65]
[10]
[10,46]
[10,46,63]
[10,46,63,64]
[10,46,63,64,65]
[10,46,63,65]
[10,46,64]
[10,46,64,65]
[10,46,65]
[10,63]
[10,63,64]
[10,63,64,65]
[10,63,65]
[10,64]
[10,64,65]
[10,65]
[46]
[46,63]
[46,63,64]
[46,63,64,65]
[46,63,65]
[46,64]
[46,64,65]
[46,65]
[63]
[63,64]
[63,64,65]
[63,65]
[64]
[64,65]
[65]
