[3,5,6,10,33,34,35,36,37,38]
[3,5,6,10,33,34,35,37,38]
[3,5,6,10,33,34,35,38]
[3,5,6,33,34,35,36,37,38]
[3,5,6,33,34,35,37,38]
[3,5,6,33,34,35,38]
[3,5,6,33,34,36,37,38]
[3,5,6,33,34,37,38]
[3,5,6,33,34,38]
[3,5,10,33,34,35,36,37,38]
[3,5,10,33,34,35,36,38]
[3,5,10,33,34,35,37,38]
[3,5,10,33,34,35,38]
[3,5,33,34,35,36,37,38]
[3,5,33,34,35,36,38]
[3,5,33,34,35,37,38]
[3,5,33,34,35,38]
[3,5,33,34,36,37,38]
[3,5,33,34,36,38]
[3,5,33,34,37,38]
[3,5,33,34,38]
[3,5,33,35,36,37,38]
[3,5,33,35,36,38]
[3,5,33,35,37,38]
[3,5,33,35,38]
[3,5,33,36,37,38]
[3,5,33,36,38]
[3,5,33,37,38]
[3,5,33,38]
[3,5,34,35,36,37,38]
[3,5,34,35,36,38]
[3,5,34,35,37,38]
[3,5,34,35,38]
[3,5,34,36,37,38]
[3,5,34,36,38]
[3,5,34,37,38]
[3,5,34,38]
[3,5,35,36,37,38]
[3,5,35,36,38]
[3,5,35,37,38]
[3,5,35,38]
[3,5,36,37,38]
[3,5,36,38]
[3,5,37,38]
[3,5,38]
[3,6,10,33,34,35,36,37,38]
[3,6,10,33,34,35,37,38]
[3,6,10,33,34,35,38]
[3,6,33,34,35,36,37,38]
[3,6,33,34,35,37,38]
[3,6,33,34,35,38]
[3,10,33,34,35,36,37,38]
[3,10,33,34,35,36,38]
[3,10,33,34,35,37,38]
[3,10,33,34,35,38]
[3,33,34,35,36,37,38]
[3,33,34,35,36,38]
[3,33,34,35,37,38]
[3,33,34,35,38]
[3,33,35,36,37,38]
[3,33,35,36,38]
[3,33,35,37,38]
[3,33,35,38]
[3,34,35,36,37,38]
[3,34,35,36,38]
[3,34,35,37,38]
[3,34,35,38]
[3,35,36,37,38]
[3,35,36,38]
[3,35,37,38]
[3,35,38]
[5]
[5,6,10,33,34,35]
[5,6,10,33,34,35,36,37]
[5,6,10,33,34,35,36,37,38]
[5,6,10,33,34,35,37]
[5,6,10,33,34,35,37,38]
[5,6,10,33,34,35,38]
[5,6,33,34]
[5,6,33,34,35]
[5,6,33,34,35,36,37]
[5,6,33,34,35,36,37,38]
[5,6,33,34,35,37]
[5,6,33,34,35,37,38]
[5,6,33,34,35,38]
[5,6,33,34,36,37]
[5,6,33,34,36,37,38]
[5,6,33,34,37]
[5,6,33,34,37,38]
[5,6,33,34,38]
[5,10,33,34,35]
[5,10,33,34,35,36]
[5,10,33,34,35,36,37]
[5,10,33,34,35,36,37,38]
[5,10,33,34,35,36,38]
[5,10,33,34,35,37]
[5,10,33,34,35,37,38]
[5,10,33,34,35,38]
[5,10,33,35]
[5,10,33,35,36]
[5,10,33,35,36,37]
[5,10,33,35,36,37,38]
[5,10,33,35,36,38]
[5,10,33,35,37]
[5,10,33,35,37,38]
[5,10,33,35,38]
[5,10,34,35]
[5,10,34,35,36]
[5,10,34,35,36,37]
[5,10,34,35,36,37,38]
[5,10,34,35,36,38]
[5,10,34,35,37]
[5,10,34,35,37,38]
[5,10,34,35,38]
[5,10,35]
[5,10,35,36]
[5,10,35,36,37]
[5,10,35,36,37,38]
[5,10,35,36,38]
[5,10,35,37]
[5,10,35,37,38]
[5,10,35,38]
[5,33]
[5,33,34]
[5,33,34,35]
[5,33,34,35,36]
[5,33,34,35,36,37]
[5,33,34,35,36,37,38]
[5,33,34,35,36,38]
[5,33,34,35,37]
[5,33,34,35,37,38]
[5,33,34,35,38]
[5,33,34,36]
[5,33,34,36,37]
[5,33,34,36,37,38]
[5,33,34,36,38]
[5,33,34,37]
[5,33,34,37,38]
[5,33,34,38]
[5,33,35]
[5,33,35,36]
[5,33,35,36,37]
[5,33,35,36,37,38]
[5,33,35,36,38]
[5,33,35,37]
[5,33,35,37,38]
[5,33,35,38]
[5,33,36]
[5,33,36,37]
[5,33,36,37,38]
[5,33,36,38]
[5,33,37]
[5,33,37,38]
[5,33,38]
[5,34]
[5,34,35]
[5,34,35,36]
[5,34,35,36,37]
[5,34,35,36,37,38]
[5,34,35,36,38]
[5,34,35,37]
[5,34,35,37,38]
[5,34,35,38]
[5,34,36]
[5,34,36,37]
[5,34,36,37,38]
[5,34,36,38]
[5,34,37]
[5,34,37,38]
[5,34,38]
[5,35]
[5,35,36]
[5,35,36,37]
[5,35,36,37,38]
[5,35,36,38]
[5,35,37]
[5,35,37,38]
[5,35,38]
[5,36]
[5,36,37]
[5,36,37,38]
[5,36,38]
[5,37]
[5,37,38]
[5,38]
[6,10,33,34,35]
[6,10,33,34,35,36,37]
[6,10,33,34,35,36,37,38]
[6,10,33,34,35,37]
[6,10,33,34,35,37,38]
[6,10,33,34,35,38]
[6,33,34,35]
[6,33,34,35,36,37]
[6,33,34,35,36,37,38]
[6,33,34,35,37]
[6,33,34,35,37,38]
[6,33,34,35,38]
[10,33,34,35]
[10,33,34,35,36]
[10,33,34,35,36,37]
[10,33,34,35,36,37,38]
[10,33,34,35,36,38]
[10,33,34,35,37]
[10,33,34,35,37,38]
[10,33,34,35,38]
[10,33,35]
[10,33,35,36]
[10,33,35,36,37]
[10,33,35,36,37,38]
[10,33,35,36,38]
[10,33,35,37]
[10,33,35,37,38]
[10,33,35,38]
[10,34,35]
[10,34,35,36]
[10,34,35,36,37]
[10,34,35,36,37,38]
[10,34,35,36,38]
[10,34,35,37]
[10,34,35,37,38]
[10,34,35,38]
[10,35]
[10,35,36]
[10,35,36,37]
[10,35,36,37,38]
[10,35,36,38]
[10,35,37]
[10,35,37,38]
[10,35,38]
[33,34,35]
[33,34,35,36]
[33,34,35,36,37]
[33,34,35,36,37,38]
[33,34,35,36,38]
[33,34,35,37]
[33,34,35,37,38]
[33,34,35,38]
[33,35]
[33,35,36]
[33,35,36,37]
[33,35,36,37,38]
[33,35,36,38]
[33,35,37]
[33,35,37,38]
[33,35,38]
[34,35]
[34,35,36]
[34,35,36,37]
[34,35,36,37,38]
[34,35,36,38]
[34,35,37]
[34,35,37,38]
[34,35,38]
[35]
[35,36]
[35,36,37]
[35,36,37,38]
[35,36,38]
[35,37]
[35,37,38]
[35,38]
