[]
[7]
[7,10]
[7,10,38]
[7,10,38,40,60,64]
[7,10,38,40,60,64,65]
[7,10,38,40,60,65]
[7,10,38,60]
[7,10,38,60,64]
[7,10,38,60,64,65]
[7,10,38,60,65]
[7,10,38,64]
[7,10,38,64,65]
[7,10,38,65]
[7,10,40,60,64]
[7,10,40,60,64,65]
[7,10,40,60,65]
[7,10,60]
[7,10,60,64]
[7,10,60,64,65]
[7,10,60,65]
[7,10,64]
[7,10,64,65]
[7,10,65]
[7,38]
[7,38,60]
[7,38,60,64]
[7,38,60,64,65]
[7,38,60,65]
[7,38,64]
[7,38,64,65]
[7,38,65]
[7,60]
[7,60,64]
[7,60,64,65]
[7,60,65]
[7,64]
[7,64,65]
[7,65]
[10]
[10,38]
[10,38,60]
[10,38,60,64]
[10,38,60,64,65]
[10,38,60,65]
[10,38,64]
[10,38,64,65]
[10,38,65]
[10,60]
[10,60,64]
[10,60,64,65]
[10,60,65]
[10,64]
[10,64,65]
[10,65]
[38]
[38,60]
[38,60,64]
[38,60,64,65]
[38,60,65]
[38,64]
[38,64,65]
[38,65]
[60]
[60,64]
[60,64,65]
[60,65]
[64]
[64,65]
[65]
