[]
[8]
[8,19,60,62]
[8,19,60,62,63]
[8,19,60,62,63,64]
[8,19,60,62,63,64,65]
[8,19,60,62,63,65]
[8,19,60,62,64]
[8,19,60,62,65]
[8,60]
[8,60,62]
[8,60,62,63]
[8,60,62,63,64]
[8,60,62,63,64,65]
[8,60,62,63,65]
[8,60,62,64]
[8,60,62,65]
[8,60,63]
[8,60,63,65]
[8,60,65]
[8,63]
[8,63,65]
[8,65]
[19,60,62]
[19,60,62,63]
[19,60,62,63,64]
[19,60,62,63,64,65]
[19,60,62,63,65]
[19,60,62,64]
[19,60,62,65]
[60]
[60,62]
[60,62,63]
[60,62,63,64]
[60,62,63,64,65]
[60,62,63,65]
[60,62,64]
[60,62,65]
[60,63]
[60,63,64]
[60,63,64,65]
[60,63,65]
[60,64]
[60,64,65]
[60,65]
[63]
[63,64]
[63,64,65]
[63,65]
[64]
[64,65]
[65]
