[]
[3,6,8,10,11,12,13,57]
[3,6,8,10,11,12,57]
[3,6,8,11,12,13,57]
[3,6,8,11,12,57]
[6]
[6,8]
[6,8,9,10,12]
[6,8,9,10,12,13]
[6,8,9,10,12,13,57]
[6,8,9,10,12,57]
[6,8,9,12]
[6,8,9,12,13]
[6,8,9,12,13,57]
[6,8,9,12,57]
[6,8,10]
[6,8,10,11,12,13,57]
[6,8,10,11,12,57]
[6,8,10,12]
[6,8,10,12,13]
[6,8,10,12,13,57]
[6,8,10,12,57]
[6,8,10,57]
[6,8,11,12]
[6,8,11,12,13]
[6,8,11,12,13,57]
[6,8,11,12,57]
[6,8,12]
[6,8,12,13]
[6,8,12,13,57]
[6,8,12,57]
[6,8,57]
[6,9,10,12]
[6,9,10,12,13]
[6,9,10,12,13,57]
[6,9,10,12,57]
[6,9,12]
[6,9,12,13]
[6,9,12,13,57]
[6,9,12,57]
[6,10]
[6,10,11,12]
[6,10,11,12,13]
[6,10,11,12,13,57]
[6,10,11,12,57]
[6,10,12]
[6,10,12,13]
[6,10,12,13,57]
[6,10,12,57]
[6,10,57]
[6,11,12]
[6,11,12,13]
[6,11,12,13,57]
[6,11,12,57]
[6,12]
[6,12,13]
[6,12,13,57]
[6,12,57]
[6,57]
[8]
[8,10]
[8,10,11,12,13,57]
[8,10,11,12,57]
[8,10,12]
[8,10,12,13]
[8,10,12,13,57]
[8,10,12,57]
[8,10,57]
[8,11,12]
[8,11,12,13]
[8,11,12,13,57]
[8,11,12,57]
[8,12]
[8,12,13]
[8,12,13,57]
[8,12,57]
[8,57]
[10]
[10,11,12]
[10,11,12,13]
[10,11,12,13,57]
[10,11,12,57]
[10,12]
[10,12,13]
[10,12,13,57]
[10,12,57]
[10,57]
[11,12]
[11,12,13]
[11,12,13,57]
[11,12,57]
[12]
[12,13]
[12,13,57]
[12,57]
[57]
