[]
[3,5,6,10,14,35,46,47]
[3,5,6,10,14,35,46,47,48]
[3,5,6,10,35,46]
[3,5,6,10,35,46,47]
[3,5,6,10,35,46,47,48]
[3,5,6,10,35,46,48]
[3,5,10,14,35]
[3,5,10,14,35,46,47]
[3,5,10,14,35,46,47,48]
[3,5,10,14,35,47]
[3,5,10,14,35,47,48]
[3,5,10,14,35,48]
[3,5,10,35]
[3,5,10,35,46]
[3,5,10,35,46,47]
[3,5,10,35,46,47,48]
[3,5,10,35,46,48]
[3,5,10,35,47]
[3,5,10,35,47,48]
[3,5,10,35,48]
[3,6,10,14,35]
[3,6,10,14,35,46,47]
[3,6,10,14,35,47]
[3,6,10,35]
[3,6,10,35,46]
[3,6,10,35,46,47]
[3,6,10,35,47]
[3,10,14,35]
[3,10,14,35,46,47]
[3,10,14,35,47]
[3,10,35]
[3,10,35,46]
[3,10,35,46,47]
[3,10,35,47]
[5]
[5,6,10,14,35,46,47]
[5,6,10,14,35,46,47,48]
[5,6,10,35,46]
[5,6,10,35,46,47]
[5,6,10,35,46,47,48]
[5,6,10,35,46,48]
[5,6,14,35,46,47]
[5,6,14,35,46,47,48]
[5,6,14,46,47]
[5,6,14,46,47,48]
[5,6,35,46]
[5,6,35,46,47]
[5,6,35,46,47,48]
[5,6,35,46,48]
[5,6,46]
[5,6,46,47]
[5,6,46,47,48]
[5,6,46,48]
[5,10,14,35]
[5,10,14,35,46,47]
[5,10,14,35,46,47,48]
[5,10,14,35,47]
[5,10,14,35,47,48]
[5,10,14,35,48]
[5,10,35]
[5,10,35,46]
[5,10,35,46,47]
[5,10,35,46,47,48]
[5,10,35,46,48]
[5,10,35,47]
[5,10,35,47,48]
[5,10,35,48]
[5,14]
[5,14,35]
[5,14,35,46,47]
[5,14,35,46,47,48]
[5,14,35,47]
[5,14,35,47,48]
[5,14,35,48]
[5,14,46,47]
[5,14,46,47,48]
[5,14,47]
[5,14,47,48]
[5,14,48]
[5,35]
[5,35,46]
[5,35,46,47]
[5,35,46,47,48]
[5,35,46,48]
[5,35,47]
[5,35,47,48]
[5,35,48]
[5,46]
[5,46,47]
[5,46,47,48]
[5,46,48]
[5,47]
[5,47,48]
[5,48]
[6]
[6,10,14,35]
[6,10,14,35,46,47]
[6,10,14,35,47]
[6,10,35]
[6,10,35,46]
[6,10,35,46,47]
[6,10,35,47]
[6,14]
[6,14,35]
[6,14,35,46,47]
[6,14,35,47]
[6,14,46,47]
[6,14,47]
[6,35]
[6,35,46]
[6,35,46,47]
[6,35,47]
[6,46]
[6,46,47]
[6,47]
[10,14,35]
[10,14,35,46,47]
[10,14,35,47]
[10,35]
[10,35,46]
[10,35,46,47]
[10,35,47]
[14]
[14,35]
[14,35,46,47]
[14,35,47]
[14,46,47]
[14,47]
[35]
[35,46]
[35,46,47]
[35,47]
[46]
[46,47]
[47]
