[]
[5]
[5,7]
[5,7,10]
[5,7,10,40]
[5,7,10,40,64]
[5,7,10,40,64,65]
[5,7,10,40,65]
[5,7,10,64]
[5,7,10,64,65]
[5,7,10,65]
[5,7,38,40,63,64]
[5,7,38,40,63,64,65]
[5,7,38,40,63,65]
[5,7,38,40,64]
[5,7,38,40,64,65]
[5,7,38,40,65]
[5,7,38,64]
[5,7,38,64,65]
[5,7,38,65]
[5,7,40]
[5,7,40,64]
[5,7,40,64,65]
[5,7,40,65]
[5,7,64]
[5,7,64,65]
[5,7,65]
[5,10]
[5,10,40]
[5,10,40,64]
[5,10,40,64,65]
[5,10,40,65]
[5,10,64]
[5,10,64,65]
[5,10,65]
[5,40]
[5,40,64]
[5,40,64,65]
[5,40,65]
[5,64]
[5,64,65]
[5,65]
[7]
[7,10]
[7,10,38,40,63,64]
[7,10,38,40,63,64,65]
[7,10,38,40,63,65]
[7,10,38,40,64]
[7,10,38,40,64,65]
[7,10,38,40,65]
[7,10,38,64]
[7,10,38,64,65]
[7,10,38,65]
[7,10,40]
[7,10,40,64]
[7,10,40,64,65]
[7,10,40,65]
[7,10,64]
[7,10,64,65]
[7,10,65]
[7,40]
[7,40,64]
[7,40,64,65]
[7,40,65]
[7,64]
[7,64,65]
[7,65]
[10]
[10,40]
[10,40,64]
[10,40,64,65]
[10,40,65]
[10,64]
[10,64,65]
[10,65]
[40]
[40,64]
[40,64,65]
[40,65]
[64]
[64,65]
[65]
