[]
[5]
[5,10]
[5,10,40]
[5,10,40,60]
[5,10,40,60,62]
[5,10,40,60,62,63]
[5,10,40,60,62,63,64]
[5,10,40,60,62,63,64,65]
[5,10,40,60,62,63,65]
[5,10,40,60,64]
[5,10,40,60,64,65]
[5,10,40,60,65]
[5,10,40,62]
[5,10,40,64]
[5,10,40,64,65]
[5,10,40,65]
[5,10,60]
[5,10,60,62,63]
[5,10,60,62,63,64]
[5,10,60,62,63,64,65]
[5,10,60,62,63,65]
[5,10,60,64]
[5,10,60,64,65]
[5,10,60,65]
[5,10,64]
[5,10,64,65]
[5,10,65]
[5,40]
[5,40,60]
[5,40,60,62]
[5,40,60,62,63]
[5,40,60,62,63,64]
[5,40,60,62,63,64,65]
[5,40,60,62,63,65]
[5,40,60,64]
[5,40,60,64,65]
[5,40,60,65]
[5,40,62]
[5,40,64]
[5,40,64,65]
[5,40,65]
[5,60]
[5,60,62,63]
[5,60,62,63,64]
[5,60,62,63,64,65]
[5,60,62,63,65]
[5,60,64]
[5,60,64,65]
[5,60,65]
[5,64]
[5,64,65]
[5,65]
[10]
[10,40]
[10,40,60]
[10,40,60,62]
[10,40,60,62,63]
[10,40,60,62,63,64]
[10,40,60,62,63,64,65]
[10,40,60,62,63,65]
[10,40,60,64]
[10,40,60,64,65]
[10,40,60,65]
[10,40,62]
[10,40,64]
[10,40,64,65]
[10,40,65]
[10,60]
[10,60,62,63]
[10,60,62,63,64]
[10,60,62,63,64,65]
[10,60,62,63,65]
[10,60,64]
[10,60,64,65]
[10,60,65]
[10,64]
[10,64,65]
[10,65]
[40]
[40,60]
[40,60,62]
[40,60,62,63]
[40,60,62,63,64]
[40,60,62,63,64,65]
[40,60,62,63,65]
[40,60,62,64]
[40,60,62,64,65]
[40,60,62,65]
[40,60,64]
[40,60,64,65]
[40,60,65]
[40,62]
[40,62,64]
[40,62,64,65]
[40,62,65]
[40,64]
[40,64,65]
[40,65]
[60]
[60,62,63]
[60,62,63,64]
[60,62,63,64,65]
[60,62,63,65]
[60,64]
[60,64,65]
[60,65]
[64]
[64,65]
[65]
