[]
[5]
[5,6]
[5,6,7]
[5,6,7,10]
[5,6,7,10,64]
[5,6,7,10,64,65]
[5,6,7,10,65]
[5,6,7,38,63,64]
[5,6,7,38,63,64,65]
[5,6,7,38,63,65]
[5,6,7,38,64]
[5,6,7,38,64,65]
[5,6,7,38,65]
[5,6,7,64]
[5,6,7,64,65]
[5,6,7,65]
[5,6,10]
[5,6,10,64]
[5,6,10,64,65]
[5,6,10,65]
[5,6,64]
[5,6,64,65]
[5,6,65]
[5,7]
[5,7,38,63,64]
[5,7,38,63,64,65]
[5,7,38,63,65]
[5,7,38,64]
[5,7,38,64,65]
[5,7,38,65]
[5,7,64]
[5,7,64,65]
[5,7,65]
[5,10]
[5,10,64]
[5,10,64,65]
[5,10,65]
[5,64]
[5,64,65]
[5,65]
[6]
[6,7]
[6,7,10]
[6,7,10,38,63,64]
[6,7,10,38,63,64,65]
[6,7,10,38,63,65]
[6,7,10,38,64]
[6,7,10,38,64,65]
[6,7,10,38,65]
[6,7,10,64]
[6,7,10,64,65]
[6,7,10,65]
[6,7,64]
[6,7,64,65]
[6,7,65]
[6,10]
[6,10,64]
[6,10,64,65]
[6,10,65]
[6,64]
[6,64,65]
[6,65]
[7]
[7,64]
[7,64,65]
[7,65]
[10]
[10,64]
[10,64,65]
[10,65]
[64]
[64,65]
[65]
