[]
[3,6,8,9,10,12]
[3,6,8,10,11,12]
[3,6,8,10,11,12,13]
[3,6,8,10,12]
[3,6,8,10,12,13]
[3,6,8,11,12]
[3,6,8,11,12,13]
[3,6,8,12]
[3,6,8,12,13]
[3,6,11,12]
[3,6,11,12,13]
[3,6,12]
[3,6,12,13]
[3,8,10,11,12]
[3,8,10,11,12,13]
[3,8,10,12]
[3,8,10,12,13]
[3,8,11,12]
[3,8,11,12,13]
[3,8,12]
[3,8,12,13]
[3,11,12]
[3,11,12,13]
[3,12]
[3,12,13]
[6]
[6,8]
[6,8,9,10]
[6,8,9,10,12]
[6,8,10]
[6,8,10,11]
[6,8,10,11,12]
[6,8,10,11,12,13]
[6,8,10,11,13]
[6,8,10,12]
[6,8,10,12,13]
[6,8,10,13]
[6,8,11]
[6,8,11,12]
[6,8,11,12,13]
[6,8,11,13]
[6,8,12]
[6,8,12,13]
[6,8,13]
[6,9,10]
[6,9,10,12]
[6,10]
[6,10,11]
[6,10,11,12]
[6,10,11,12,13]
[6,10,11,13]
[6,10,12]
[6,10,12,13]
[6,10,13]
[6,11]
[6,11,12]
[6,11,12,13]
[6,11,13]
[6,12]
[6,12,13]
[6,13]
[8]
[8,10]
[8,10,11]
[8,10,11,12]
[8,10,11,12,13]
[8,10,11,13]
[8,10,12]
[8,10,12,13]
[8,10,13]
[8,11]
[8,11,12]
[8,11,12,13]
[8,11,13]
[8,12]
[8,12,13]
[8,13]
[10]
[10,11]
[10,11,12]
[10,11,12,13]
[10,11,13]
[10,12]
[10,12,13]
[10,13]
[11]
[11,12]
[11,12,13]
[11,13]
[12]
[12,13]
[13]
