[]
[5]
[5,7]
[5,7,8]
[5,7,8,10]
[5,7,8,10,64]
[5,7,8,10,64,65]
[5,7,8,10,65]
[5,7,8,64]
[5,7,8,64,65]
[5,7,8,65]
[5,7,10]
[5,7,10,64]
[5,7,10,64,65]
[5,7,10,65]
[5,7,38,63,64]
[5,7,38,63,64,65]
[5,7,38,63,65]
[5,7,38,64]
[5,7,38,64,65]
[5,7,38,65]
[5,7,64]
[5,7,64,65]
[5,7,65]
[5,8]
[5,8,10]
[5,8,10,64]
[5,8,10,64,65]
[5,8,10,65]
[5,8,64]
[5,8,64,65]
[5,8,65]
[5,10]
[5,10,64]
[5,10,64,65]
[5,10,65]
[5,64]
[5,64,65]
[5,65]
[7]
[7,8]
[7,8,10]
[7,8,10,64]
[7,8,10,64,65]
[7,8,10,65]
[7,8,64]
[7,8,64,65]
[7,8,65]
[7,10]
[7,10,38,63,64]
[7,10,38,63,64,65]
[7,10,38,63,65]
[7,10,38,64]
[7,10,38,64,65]
[7,10,38,65]
[7,10,64]
[7,10,64,65]
[7,10,65]
[7,64]
[7,64,65]
[7,65]
[8]
[8,10]
[8,10,64]
[8,10,64,65]
[8,10,65]
[8,64]
[8,64,65]
[8,65]
[10]
[10,64]
[10,64,65]
[10,65]
[64]
[64,65]
[65]
